SampleTime = 0.02;
Ts         = SampleTime;
Thtv0 = -0.619426178368110;
x0 = [0.01,0.010,0.01,0.01,0.01,Thtv0+0.01];